-55 0.0000000000
-54 0.0000467916
-53 -0.0005066612
-52 -0.0018388141
-51 -0.0008753701
-50 0.0041075208
-49 0.0063806023
-48 -0.0014731245
-47 -0.0114177610
-46 -0.0065373929
-45 0.0104882867
-44 0.0152439441
-43 -0.0004644576
-42 -0.0133034203
-41 -0.0086151706
-40 -0.0036530791
-39 -0.0041267548
-38 0.0162558005
-37 0.0468219294
-36 0.0145873767
-35 -0.0856347580
-34 -0.1071275725
-33 0.0518753128
-32 0.2111185555
-31 0.0935838370
-30 -0.2196377284
-29 -0.2935001105
-28 0.0490336815
-27 0.3844668501
-26 0.2375731831
-25 -0.2236100565
-24 -0.4100009688
-23 -0.1272402337
-22 0.2437267383
-21 0.3534159855
-20 0.2124357895
-19 -0.1075085739
-18 -0.5294528614
-17 -0.6014496526
-16 0.1710522952
-15 1.2081831607
-14 0.9658155589
-13 -0.8931652862
-12 -2.1891415343
-11 -0.6739590639
-10 2.3435986957
-9 2.8201523956
-8 -0.6384228543
-7 -3.9994079790
-6 -2.4812034753
-5 2.7314141411
-4 5.1058296339
-3 0.9814889116
-2 -5.0196633589
-1 -5.1620912040
0 -52.5593859292
1 -45.1169600166
2 -55.0519160071
3 -63.3532420836
4 -68.7383732024
5 -63.4418867439
6 -46.9108049045
7 -14.9909591417
8 -8.9714692277
9 15.3517219850
10 21.5113888831
11 28.2112565632
12 10.1241048675
13 23.9045329145
14 39.1721411073
15 59.4764818260
16 39.1507713686
17 70.9662880012
18 76.0667183946
19 101.8750005461
20 82.9806463539
21 81.4540814924
22 56.3685948352
23 9.3883602627
24 -20.4950405574
25 -51.2851381843
26 -56.9791174107
27 -63.8943414756
28 -66.6721968898
29 -62.9959240850
30 -64.4228188348
31 -70.3502140295
32 -85.2543353247
33 -97.1314859923
34 -95.8753328054
35 -79.0187450264
36 -66.5309805415
37 -103.5884423400
38 -191.1194404171
39 -177.6190869302
40 -47.6290098837
41 226.2233430265
42 556.7328531656
43 1042.9697829950
44 1211.5730257493
45 1311.7495388910
46 887.9114687111
47 749.1662837942
48 325.2623759027
49 88.8586503529
50 -29.9258857754
51 -28.2346841600
52 -14.6428288103
53 -24.1642669716
54 -15.9379898965
55 -21.6280707870
56 -16.1167858962
57 -21.8221795788
58 -33.8164005559
59 -31.2337294275
60 -18.5856248731
61 -20.0369756666
62 -16.3798859928
63 -7.5654737349
64 4.9884005415
65 17.8999146255
66 31.1683669201
67 23.9021845638
68 34.6370461676
69 49.9572713333
70 62.5065521272
71 60.6128569039
72 76.6235420595
73 88.4937027911
74 99.8278241826
75 105.5467343230
76 115.1997576598
77 143.4538488781
78 158.2746220974
79 176.2569767188
80 190.6493647405
81 210.5883289918
82 224.3451547623
83 254.9220551964
84 278.3079705627
85 315.9748796409
86 350.6720360344
87 388.1889104833
88 418.8068047421
89 449.2088816470
90 487.8681879863
91 529.8623638375
92 559.6693676620
93 591.8772760414
94 617.5156424891
95 641.2844356129
96 655.3582165744
97 668.6777571875
98 677.9397592514
99 662.4781857354
100 636.6123047866
101 590.9679294684
102 530.6168168796
103 461.9003002493
104 399.6994984480
105 330.3143966682
106 264.4444639846
107 200.9883864653
108 155.6407942219
109 104.3641507526
110 68.4826600271
111 38.7758968302
112 23.8747436907
113 1.2484770846
114 -9.6518429167
115 -21.0960355151
116 -28.0070387827
117 -32.4483736446
118 -38.1302498169
119 -40.5344989458
120 -33.6878303191
121 -35.9216093120
122 -37.7727874243
123 -40.3358489842
124 -38.3186915454
125 -45.4249821923
126 -37.0503226056
127 -40.0942815723
128 -29.3183502943
129 -29.9411097573
130 -37.2502084702
131 -39.3854222342
132 -44.4960430366
133 -33.2062247680
134 -40.4353165759
135 -30.0224286644
136 -24.7425031174
137 -32.9780798756
138 -34.2079998194
139 -35.9732546800
140 -33.6729066239
141 -30.9110695310
142 -26.4355584520
143 -29.4041081204
144 -32.6998494668
145 -32.2875456042
146 -31.8760637774
147 -40.7497256120
148 -37.6429849770
149 -37.5964070843
150 -40.0523214731
151 -53.8315858206
152 -43.8657602127
153 -47.6771276031
154 -46.5440343974
155 -48.1110229417
156 -48.9594596310
157 -40.7825487608
158 -44.4002962735
159 -39.4995590110
160 -44.4634022314
161 -33.2237414617
162 -45.5087824366
163 -45.9444212791
164 -52.5596089283
165 -46.9837840090
166 -46.4172451636
167 -48.0653202212
168 -46.5461308967
169 -46.8310107210
170 -48.4998142098
171 -59.3618958766
172 -55.5236215809
173 -51.3755074980
174 -55.3051128360
175 -45.8756963753
176 -53.0524749962
177 -52.0135740301
178 -53.4499662324
179 -65.8329622811
180 -56.0452315264
181 -60.6353063471
182 -54.6695335591
183 -53.6698907615
184 -55.2245513132
185 -54.0162780667
186 -59.3063066788
187 -52.5949566204
188 -59.9143494706
189 -54.3116110413
190 -53.7799078911
191 -59.1995930587
192 -59.9095734074
193 -62.1824076304
194 -61.9715889047
195 -53.1820409061
196 -65.2893916674
197 -56.7966792333
198 -53.6839147306
199 -61.1487399805
200 -60.9378155860
201 -60.4738849592
202 -55.5453344772
203 -65.7276422374
204 -65.7176550027
205 -72.6073458389
206 -72.4981929906
207 -71.2893197514
208 -73.6507440690
209 -62.0235980449
210 -56.3489231790
211 -65.0145359197
212 -71.2518732509
213 -73.1496644768
214 -49.9682562725
215 -30.4089591031
216 -15.8615814620
217 8.2762222667
218 7.9255940027
219 19.4022468303
220 5.1840955193
221 8.4711445330
222 39.8586233193
223 52.2709654832
224 34.1716381106
225 60.0650737461
226 75.4637570359
227 97.0296927287
228 78.1036021071
229 65.5609331337
230 61.1789053500
231 14.0844497901
232 -24.4388561298
233 -51.9991717875
234 -66.0214362264
235 -74.1961272713
236 -91.5884148311
237 -85.5085714049
238 -76.3288797635
239 -78.9422621364
240 -99.7278549287
241 -111.8131348779
242 -103.2415112845
243 -82.8531691758
244 -70.7842751566
245 -116.8349021777
246 -211.4461954562
247 -199.0614101457
248 -77.3821214267
249 223.6017582496
250 585.7175904679
251 1102.5956333503
252 1246.8694566886
253 1343.4289987718
254 917.2583820988
255 728.1999966285
256 317.5152161173
257 102.9905896425
258 -24.5491696241
259 -29.0881139357
260 -3.9375416200
261 -23.0846350665
262 -32.2843083208
263 -6.4701746780
264 -21.0656463104
265 -25.1279740116
266 -29.2688266101
267 -31.8518309627
268 -7.5500037224
269 -3.2619105843
270 -7.5604172057
271 12.9723951366
272 4.1741623505
273 10.1018928310
274 14.1019975908
275 18.2745104672
276 29.9839930770
277 32.0286979993
278 49.2799155283
279 52.3993410571
280 51.7606411318
281 69.7265645536
282 79.6061269870
283 92.1037023757
284 100.4279276078
285 119.3106291579
286 131.4259035842
287 147.1371982077
288 159.7675904802
289 186.4420611393
290 209.8801102855
291 231.8640940357
292 254.6678999633
293 291.1502313233
294 309.7834295862
295 346.4442959071
296 382.4528544961
297 430.1527125519
298 457.8127293835
299 491.4449322736
300 532.5282138925
301 550.4273435758
302 590.1427073674
303 602.3001291461
304 632.6450725550
305 642.6579928252
306 638.8136154445
307 625.1659363152
308 610.3967443050
309 564.7213960531
310 528.1356148893
311 469.3943581298
312 399.8932322518
313 326.2807609782
314 260.1473084873
315 181.9829535316
316 141.6391053231
317 85.9672276366
318 56.2122879335
319 32.3390046391
320 9.2028671019
321 -13.6900203200
322 -17.6234150560
323 -16.6773412524
324 -21.8078364202
325 -25.4015171493
326 -34.4195052751
327 -25.4809139753
328 -34.4383573465
329 -47.8543852058
330 -23.0979166355
331 -25.0696668394
332 -39.0410744022
333 -34.2167594030
334 -33.3949187071
335 -34.0841777548
336 -40.2980276564
337 -29.0228209933
338 -30.0809073073
339 -45.5187905188
340 -48.3089831003
341 -42.2096543707
342 -49.7199524609
343 -46.0081140181
344 -51.7181767521
345 -50.4484532247
346 -42.2152480851
347 -66.7605695833
348 -30.9690933671
349 -50.3899304029
350 -35.1888073196
351 -53.6032890874
352 -63.4807034999
353 -57.9566604443
354 -59.4541143934
355 -52.5711308074
356 -62.2477201270
357 -49.5373547167
358 -49.9630680455
359 -74.4738968797
360 -60.0096802296
361 -59.7341044379
362 -54.1979251384
363 -71.9596303132
364 -66.1232237642
365 -65.9092108295
366 -74.7530529720
367 -64.0327130385
368 -66.9277979273
369 -64.5589789626
370 -81.2996952545
371 -73.3997192408
372 -84.2807236301
373 -84.8101483164
374 -77.2818714767
375 -69.9324997368
376 -85.1826151931
377 -76.5345679672
378 -82.3645756105
379 -78.5527316964
380 -77.6877566751
381 -78.7289676973
382 -77.1600125493
383 -87.2167788431
384 -83.9661983876
385 -75.7107647398
386 -81.3105743368
387 -78.0844280302
388 -60.2754767207
389 -78.7233191202
390 -105.0345703409
391 -86.4784542465
392 -86.0810414840
393 -88.1509040526
394 -77.4719960237
395 -84.2005979589
396 -89.1730382225
397 -86.0946920379
398 -86.9810285720
399 -74.8970463629
400 -5.4635990852
401 -7.3684696203
402 0.7649228227
403 7.3791329796
404 3.6874780818
405 -4.4562745541
406 -5.8291155660
407 0.4525642980
408 5.1080234353
409 2.5067781466
410 -2.6038272465
411 -3.3143108439
412 0.0987477830
413 2.3324154595
414 1.1443138673
415 -0.8149919262
416 -1.0124838262
417 -0.1166042214
418 0.2712893051
419 0.1495906872
420 0.2238399760
421 0.2868333571
422 -0.1418076125
423 -0.5816248513
424 -0.2699612545
425 0.4572799503
426 0.5741126670
427 -0.0667930704
428 -0.5437137846
429 -0.2642806361
430 0.2732743056
431 0.3470960816
432 -0.0009558232
433 -0.2258161767
434 -0.1159854524
435 0.0651219241
436 0.0878290656
437 0.0166526072
438 -0.0161486399
439 -0.0118257005
440 -0.0181648031
441 -0.0195629657
442 0.0073819370
443 0.0300196867
444 0.0145038690
445 -0.0156458202
446 -0.0200817026
447 -0.0009710237
448 0.0113721673
449 0.0063722200
450 -0.0017675541
451 -0.0028828900
452 -0.0007248271
453 0.0000684543
454 0.0000000000
