-26 0.0493559615
-25 0.0366888601
-24 -0.0190027238
-23 -0.0326812159
-22 0.0475083101
-21 0.1083937565
-20 0.0013154929
-19 -0.1735389145
-18 -0.0851256148
-17 0.2008916179
-16 0.2168834802
-15 -0.2119469180
-14 -0.4220097510
-13 0.0821397580
-12 0.6276559199
-11 0.1494170686
-10 -0.8294488895
-9 -0.6561224412
-8 0.8458611831
-7 1.2771661433
-6 -0.6999820116
-5 -2.3320100923
-4 0.0944992435
-3 4.3229731558
-2 1.5665117735
-1 -14.2521104250
0 -37.8849523846
1 -56.2629326731
2 -61.6878339433
3 -59.1711796711
4 -58.4992303411
5 -60.2876500004
6 -53.7136804258
7 -30.3500295470
8 2.0459630079
9 24.0822419543
10 24.7738396774
11 14.0408608952
12 11.6891364779
13 25.1617713029
14 43.1996302442
15 52.1016144584
16 53.2162500123
17 59.0825652257
18 75.7270365108
19 93.1356647222
20 96.8238576351
21 80.6159903928
22 49.9608501042
23 12.9746994921
24 -22.9361472908
25 -49.9126074554
26 -61.8256141013
27 -60.8679927544
28 -57.8752503023
29 -62.3355397941
30 -72.7266670730
31 -80.1984036879
32 -81.2027675770
33 -81.4795301055
34 -85.6824799526
35 -90.0073060734
36 -93.0078776711
37 -108.0863568747
38 -144.9109899436
39 -166.4866522289
40 -81.1612628252
41 188.0728165127
42 608.2384897427
43 1022.2163762834
44 1251.0381661502
45 1218.9355367988
46 983.3243655288
47 661.7443895765
48 351.8796493675
49 112.2312759499
50 -24.5786137966
51 -57.2819940858
52 -28.3707306612
53 -0.1548159919
54 -4.5884068609
55 -25.4468575363
56 -33.4397637311
57 -25.3009212302
58 -19.2121665940
59 -24.0550039472
60 -29.5130470093
61 -24.8375692203
62 -13.0444248765
63 -2.5875696217
64 5.2270742787
65 14.1977420833
66 24.4529654864
67 32.3865869911
68 37.7344273684
69 44.5855898142
70 55.5279101952
71 67.8149793022
72 78.0139001226
73 85.6986819104
74 94.3084441921
75 106.0244924334
76 121.2968985307
77 138.7882482758
78 156.9611423317
79 174.8294337061
80 192.0164858227
81 208.8551056592
82 226.9325975936
83 249.4207868828
84 278.9738400550
85 314.6446454278
86 351.5896887490
87 385.4103942826
88 416.5999163849
89 449.5023571258
90 486.5414535741
91 525.0813642253
92 560.4167632111
93 590.3050888040
94 615.4679746205
95 637.0426891839
96 654.8944439115
97 667.6976833742
98 672.2947412866
99 663.1653680915
100 634.9991612962
101 587.7361052262
102 527.7067300933
103 462.7574329478
104 396.7466378487
105 329.9321755518
106 263.7193392363
107 202.3805133274
108 149.8367337255
109 106.3589858504
110 70.0857774301
111 40.3881420064
112 18.1520084018
113 2.8648614917
114 -8.6001356075
115 -19.2714571889
116 -29.0080106744
117 -35.3607531858
118 -37.2624802747
119 -36.6348099523
120 -36.1507334839
121 -36.6688819433
122 -37.5977868540
123 -38.7842544139
124 -40.5639856963
125 -42.0112923726
126 -40.9294080103
127 -36.5414479638
128 -31.7015919518
129 -30.6767647821
130 -34.6570912322
131 -40.2192793404
132 -42.5550343514
133 -39.8138148340
134 -34.1808357474
135 -29.5531345877
136 -28.4957457782
137 -30.8658977226
138 -34.2518117482
139 -35.7291185509
140 -33.9618249039
141 -30.2704633373
142 -27.6367099115
143 -28.1083459397
144 -31.0561327650
145 -33.9857675667
146 -35.1942700838
147 -35.4100594608
148 -36.7364906506
149 -40.0497280888
150 -43.9074999295
151 -46.3386256997
152 -47.0169919438
153 -47.1108764121
154 -47.4446918002
155 -47.4219908131
156 -46.3300122254
157 -44.4191688369
158 -42.4158667403
159 -40.6456268041
160 -39.3871121146
161 -39.6985218425
162 -42.3941338068
163 -46.5095323026
164 -49.4695274787
165 -49.5339722191
166 -47.5209953960
167 -45.6817484872
168 -45.6275668885
169 -47.6447694342
170 -51.1106001539
171 -54.6675504886
172 -56.2706803420
173 -54.6436517251
174 -51.0454533985
175 -48.6500228519
176 -49.6793233906
177 -53.3324322817
178 -57.0730615073
179 -59.1656902377
180 -59.5605963283
181 -58.5697789908
182 -56.3391297581
183 -53.8271247422
184 -52.9509946522
185 -54.6470385215
186 -57.1538744113
187 -57.6473735768
188 -55.6925374243
189 -53.9850725769
190 -55.0217532512
191 -58.1736950942
192 -60.6844928472
193 -61.1259705346
194 -60.2379975651
195 -59.1299505274
196 -58.0556257282
197 -57.2923659485
198 -57.7075046982
199 -59.2916575891
200 -60.1959681388
201 -59.1916340258
202 -58.2890811595
203 -61.1598128131
204 -67.9356550102
205 -73.6951570704
206 -73.7795049964
207 -69.3341307717
208 -65.7107971869
209 -65.4075049402
210 -65.7100785575
211 -64.2454519014
212 -63.1272570155
213 -63.7265965493
214 -59.4780692232
215 -40.9937576731
216 -10.6196112141
217 13.9997123600
218 17.5888534949
219 6.2789972457
220 1.7348314800
221 15.5223289063
222 36.6984379306
223 48.0546427830
224 48.8453586485
225 53.0494226573
226 68.9575523142
227 86.7721678853
228 91.1510726013
229 76.0269970202
230 47.4220148142
231 13.0435797945
232 -21.6513855286
233 -50.9803097131
234 -69.2572679662
235 -76.2201748349
236 -78.5533083631
237 -82.8345152938
238 -88.6313755805
239 -91.5753704221
240 -91.4043123578
241 -92.5469173485
242 -95.9687333669
243 -96.9278175008
244 -97.9149317967
245 -117.1415655957
246 -163.8620293456
247 -193.7065534173
248 -104.9365060490
249 184.3178900969
250 634.6053803351
251 1072.6436860331
252 1304.2684862611
253 1252.4985282506
254 990.0845694357
255 653.7636552436
256 347.3921985337
257 118.7874150176
258 -13.8295296595
259 -52.1929479416
260 -30.1698598493
261 -2.4459688727
262 -3.0105542214
263 -22.5995653337
264 -33.8662751279
265 -28.7381417427
266 -20.7451486466
267 -19.4046788475
268 -18.3231737110
269 -9.7864481962
270 1.9407515631
271 7.8402626164
272 7.4229649520
273 7.7844833740
274 13.0644121651
275 20.8178726569
276 28.0668706641
277 35.2457027578
278 43.4593444782
279 51.3367380483
280 58.2553324699
281 65.7783811410
282 76.8198465107
283 90.6348400874
284 104.5411217691
285 117.1017111317
286 129.8710098353
287 145.0915839030
288 163.4112357293
289 184.3069463318
290 207.2313013459
291 231.8014874678
292 257.4475088860
293 284.0280075729
294 312.7819778225
295 345.5842198169
296 382.7118791554
297 421.9868607364
298 460.0670722752
299 494.4636773451
300 524.9256789304
301 553.0857799561
302 580.8320928477
303 607.5844914039
304 628.9832380876
305 639.6060331629
306 637.2705385697
307 624.1176828100
308 602.4700494826
309 570.6732426679
310 525.1058455074
311 465.7029298155
312 397.5877381515
313 326.7538739298
314 256.6325444311
315 190.0907427703
316 132.2871256563
317 88.0050719782
318 56.4864648815
319 31.6374708313
320 8.9240555131
321 -9.7534072389
322 -19.8059430798
323 -21.1419290821
324 -19.9334713891
325 -22.4697241504
326 -29.2321490398
327 -35.5443833027
328 -37.1013247335
329 -34.0447880593
330 -30.2663730315
331 -29.4907911406
332 -32.1543797698
333 -35.4777688898
334 -36.5136061487
335 -34.8774024588
336 -32.8994965758
337 -32.9812975345
338 -35.7427268100
339 -40.1130115959
340 -44.5716295790
341 -47.6900839439
342 -48.4976408717
343 -47.6167420815
344 -47.4406959916
345 -49.5245186434
346 -51.9232382869
347 -50.8414963047
348 -45.5706617089
349 -40.6508011913
350 -41.7781939562
351 -49.7555355524
352 -59.1626719480
353 -63.3865487372
354 -60.3837644373
355 -54.1578439070
356 -50.9574738499
357 -53.7817573354
358 -59.9386087604
359 -63.6769110239
360 -62.1884330065
361 -58.7696134331
362 -58.9647561417
363 -63.9649644212
364 -69.3437614076
365 -70.5688906144
366 -67.9403578109
367 -65.4349206490
368 -65.8979769684
369 -69.1305929614
370 -73.8632566815
371 -78.9718455513
372 -82.4256678586
373 -81.9363632809
374 -78.1333078178
375 -75.0592312498
376 -76.3939535193
377 -80.5260139634
378 -82.3675360341
379 -79.5422788899
380 -75.5410079690
381 -75.6918388011
382 -80.7507096016
383 -85.7008863593
384 -85.0211228475
385 -78.8401945611
386 -72.8767775083
387 -72.2357920451
388 -76.5207806763
389 -81.7279853864
390 -85.8661293624
391 -89.6257290221
392 -91.8885811145
393 -88.8501626056
394 -80.8556216830
395 -76.5029605602
396 -83.3105724098
397 -94.3072027606
398 -90.6392623404
399 -62.3441839238
400 -22.5486465475
401 4.3903897118
402 7.9319040465
403 -0.6195462352
404 -4.7267501484
405 -0.9078630321
406 2.9152280183
407 1.5508399673
408 -1.5516926406
409 -1.5935552559
410 0.6104765129
411 1.3738842263
412 0.0408418130
413 -0.9556111547
414 -0.3316891865
415 0.5855809460
416 0.4357331601
417 -0.2456683356
418 -0.3428525310
419 0.0653740659
420 0.2581415309
421 0.0674560090
422 -0.1213725092
423 -0.0624689342
424 0.0741221217
425 0.0779658170
