0
0
100
0 -54
1 -52
2 -59
3 -59
4 -61
5 -62
6 -54
7 -22
8 -7
9 24
10 26
11 23
12 2
13 23
14 46
15 65
16 37
17 65
18 74
19 105
20 86
21 81
22 55
23 10
24 -20
25 -54
26 -60
27 -61
28 -59
29 -61
30 -74
31 -81
32 -81
33 -80
34 -88
35 -94
36 -87
37 -101
38 -166
39 -163
40 -65
41 199
42 557
43 1071
44 1229
45 1295
46 861
47 749
48 350
49 103
50 -44
51 -48
52 -13
53 -7
54 -9
55 -32
56 -26
57 -18
58 -25
59 -31
60 -25
61 -22
62 -12
63 -5
64 2
65 15
66 33
67 27
68 34
69 47
70 62
71 63
72 78
73 87
74 98
75 106
76 117
77 144
78 157
79 175
80 191
81 212
82 225
83 254
84 277
85 316
86 352
87 389
88 418
89 448
90 488
91 531
92 560
93 591
94 617
95 642
96 656
97 668
98 677
99 663